Row	Category
2	115212
3	115218
4	115218
5	115218
6	115212
7	115218
8	115227
9	115218
10	115212
11	115218
12	115227
13	115212
14	115212
15	115212
16	115218
17	115212
18	115218
19	115212
20	115212
21	115212
22	115212
23	115227
24	115227
25	115218
26	115212
27	115212
28	115212
29	115218
30	115227
31	115212
32	115212
33	115212
34	115212
35	115212
36	115212
37	115212
38	115218
39	115218
40	115212
41	115218
42	115218
43	115218
44	115212
45	115218
46	115212
47	115218
48	115218
49	115218
50	115212
51	115218
52	115212
53	115212
54	115212
55	115218
56	115218
57	115212
58	115218
59	115212
60	115212
61	115218
62	115218
63	115212
64	115212
65	115212
66	115218
67	115212
68	115212
69	115212
70	115218
71	115218
72	115218
73	115227
74	115227
75	115212
76	115218
77	115218
78	115218
79	115212
80	115218
81	115212
82	115212
83	115218
84	115227
85	115218
86	115218
87	115218
88	115212
89	115218
90	115218
